5.55149435796,0.04376684567474002,0.00209979090866,18.1828631134,0.049033049797599995
35.960909849,0.334977885786,0.017474525767999998
35.961115005,0.33284806051500004,0.017392203870000005
35.990813799,0.328342340614,0.017026696682
36.020957554,0.32085336784499996,0.016184975055999997
36.051130523,0.32591107331400004,0.016716601433999997
36.100441067,0.326120118778,0.016056696040999997
36.120828668,0.32411558971300003,0.016363934397000002
36.151263637,0.320563476482,0.015439342161000003
36.201488886,0.33588790092,0.016023013008
36.201238945,0.334118288658,0.016621342566999996
